
Logistic Regression:
  C: 0.42500165600121326
  penalty: l1

Random Forest:
  n_estimators: 79
  max_depth: 5
  min_samples_split: 15
  min_samples_leaf: 2

SVM:
  C: 3.2393288605405295
  gamma: auto
  kernel: rbf

XGBoost:
  n_estimators: 100
  max_depth: 9
  learning_rate: 0.06947737104218751
  subsample: 0.7374667320016826
  colsample_bytree: 0.8751309463907917
